DIAGRAM_PapyrusUMLSequenceDiagram.color.gradient=RGB {255, 255, 255};RGB {255, 255, 255};0;0
eclipse.preferences.version=1
print.page.height=11.692913385826772
print.page.width=8.267716535433072
